217645199 217645201 217645213 217645229 217645289 217645303 217645321 217645349 
 217645357 217645397 217645427 217645453 217645469 217645517 217645523 217645529 
 217645559 217645583 217645639 217645643 217645663 217645691 217645693 217645697 
 217645717 217645723 217645733 217645739 217645751 217645759 217645763 217645789 
 217645801 217645807 217645819 217645871 217645891 217645903 217645933 217645943 
 217645963 217645973 217645979 217645991 217645997 217646041 217646057 217646063 
 217646111 217646167 217646179 217646183 217646201 217646203 217646227 217646243 
 217646267 217646269 217646281 217646329 217646371 217646383 217646389 217646399 
 217646411 217646419 217646423 217646467 217646509 217646551 217646579 217646581 
 217646593 217646599 217646609 217646621 217646623 217646633 217646647 217646657 
 217646683 217646687 217646717 217646743 217646747 217646773 217646777 217646783 
 217646789 217646791 217646797 217646813 217646851 217646857 217646893 217646899 
 217646909 217646911 217646917 217646921 217646941 217646959 217646977 217647007 
 217647019 217647029 217647149 217647239 217647247 217647253 217647257 217647263 
 217647281 217647293 217647307 217647403 217647421 217647433 217647473 217647509 
 217647511 217647517 217647571 217647587 217647601 217647623 217647629 217647701 
 217647713 217647739 217647751 217647757 217647779 217647797 217647799 217647841 
 217647853 217647877 217647887 217647893 217647953 217647973 217648003 217648009 
 217648033 217648073 217648121 217648133 217648141 217648153 217648163 217648177 
 217648181 217648217 217648231 217648237 217648243 217648267 217648279 217648289 
 217648313 217648367 217648381 217648391 217648411 217648421 217648423 217648469 
 217648507 217648513 217648577 217648631 217648643 217648657 217648661 217648721 
 217648723 217648729 217648733 217648777 217648789 217648811 217648813 217648829 
 217648853 217648883 217648889 217648903 217648927 217648967 217648987 217648993 
 217648997 217649017 217649039 217649063 217649071 217649077 217649087 217649093 
 217649099 217649137 217649141 217649167 217649183 217649191 217649213 217649227 
 217649231 217649251 217649291 217649303 217649309 217649353 217649363 217649371 
 217649401 217649431 217649441 217649447 217649477 217649479 217649539 217649569 
 217649581 217649681 217649699 217649723 217649777 217649797 217649801 217649833 
 217649837 217649857 217649867 217649869 217649893 217649899 217649909 217649983 
 217650023 217650029 217650053 217650061 217650067 217650071 217650077 217650079 
 217650107 217650143 217650161 217650179 217650197 217650203 217650211 217650221 
 217650229 217650239 217650241 217650271 217650283 217650299 217650331 217650341 
 217650353 217650397 217650457 217650523 217650533 217650581 217650593 217650611 
 217650617 217650619 217650683 217650689 217650691 217650743 217650751 217650791 
 217650793 217650809 217650841 217650869 217650943 217650959 217650977 217650991 
 217651067 217651073 217651087 217651117 217651151 217651163 217651169 217651183 
 217651201 217651223 217651237 217651243 217651261 217651271 217651297 217651307 
 217651319 217651321 217651339 217651381 217651429 217651439 217651519 217651537 
 217651541 217651543 217651571 217651573 217651579 217651619 217651633 217651661 
 217651703 217651717 217651729 217651751 217651771 217651789 217651793 217651823 
 217651831 217651891 217651927 217651937 217651943 217651981 217651997 217652009 
 217652027 217652033 217652051 217652053 217652069 217652077 217652089 217652131 
 217652137 217652251 217652257 217652261 217652297 217652317 217652329 217652371 
 217652401 217652423 217652431 217652443 217652447 217652459 217652509 217652521 
 217652527 217652531 217652549 217652557 217652573 217652579 217652671 217652693 
 217652719 217652731 217652737 217652777 217652791 217652797 217652839 217652861 
 217652863 217652881 217652899 217652909 217652951 217652957 217652959 217653017 
 217653019 217653047 217653083 217653097 217653101 217653103 217653109 217653131 
 217653167 217653169 217653173 217653187 217653197 217653221 217653251 217653259 
 217653281 217653299 217653343 217653361 217653367 217653421 217653427 217653433 
 217653437 217653451 217653479 217653509 217653517 217653521 217653529 217653539 
 217653559 217653589 217653593 217653599 217653617 217653643 217653649 217653679 
 217653691 217653701 217653713 217653727 217653731 217653763 217653781 217653823 
 217653829 217653833 217653841 217653847 217653857 217653923 217653929 217653937 
 217653959 217653973 217653977 217653983 217654001 217654027 217654033 217654049 
 217654081 217654103 217654109 217654147 217654153 217654163 217654181 217654187 
 217654189 217654201 217654211 217654231 217654249 217654259 217654271 217654277 
 217654301 217654331 217654369 217654373 217654427 217654429 217654439 217654453 
 217654457 217654501 217654511 217654531 217654583 217654643 217654651 217654663 
 217654693 217654699 217654739 217654763 217654781 217654783 217654841 217654847 
 217654867 217654891 217654903 217654939 217654951 217654963 217654981 217654993 
 217655023 217655057 217655069 217655093 217655117 217655147 217655159 217655161 
 217655173 217655197 217655213 217655219 217655231 217655239 217655281 217655287 
 217655311 217655327 217655351 217655407 217655447 217655479 217655483 217655489 
 217655549 217655561 217655563 217655567 217655579 217655617 217655629 217655651 
 217655657 217655671 217655689 217655699 217655717 217655749 217655771 217655783 
 217655807 217655813 217655827 217655833 217655843 217655857 217655863 217655891 
 217655903 217655927 217655951 217655953 217655957 217655993 217656007 217656011 
 217656031 217656059 217656073 217656119 217656121 217656161 217656181 217656203 
 217656209 217656211 217656217 217656221 217656227 217656259 217656269 217656359 
 217656377 217656379 217656403 217656409 217656431 217656443 217656451 217656469 
 217656473 217656493 217656503 217656529 217656539 217656587 217656599 217656617 
 217656653 217656683 217656689 217656707 217656713 217656739 217656749 217656767 
 217656773 217656787 217656809 217656811 217656821 217656827 217656869 217656877 
 217656883 217656941 217656947 217656973 217656979 217657003 217657021 217657043 
 217657049 217657079 217657091 217657109 217657127 217657147 217657163 217657177 
 217657189 217657213 217657247 217657259 217657277 217657301 217657327 217657343 
 217657351 217657439 217657471 217657481 217657501 217657537 217657633 217657637 
 217657639 217657651 217657663 217657703 217657729 217657829 217657831 217657871 
 217657879 217657883 217657897 217657907 217657927 217657933 217657949 217657991 
 217658083 217658107 217658141 217658159 217658171 217658173 217658201 217658213 
 217658219 217658251 217658267 217658279 217658291 217658297 217658323 217658359 
 217658417 217658459 217658461 217658491 217658513 217658557 217658579 217658621 
 217658629 217658641 217658681 217658687 217658689 217658731 217658767 217658773 
 217658789 217658801 217658869 217658897 217658899 217658911 217658921 217658923 
 217658977 217658981 217658993 217658999 217659011 217659019 217659053 217659059 
 217659067 217659073 217659107 217659137 217659149 217659151 217659179 217659199 
 217659203 217659217 217659241 217659257 217659263 217659289 217659317 217659353 
 217659359 217659361 217659389 217659439 217659461 217659469 217659473 217659479 
 217659487 217659521 217659523 217659527 217659553 217659571 217659577 217659613 
 217659643 217659661 217659671 217659677 217659713 217659719 217659727 217659731 
 217659769 217659779 217659797 217659821 217659829 217659847 217659853 217659859 
 217659889 217659899 217659901 217659917 217659941 217659977 217659997 217660013 
 217660039 217660081 217660099 217660117 217660141 217660147 217660169 217660193 
 217660211 217660213 217660259 217660273 217660297 217660319 217660327 217660351 
 217660357 217660361 217660379 217660397 217660433 217660441 217660463 217660493 
 217660507 217660591 217660609 217660613 217660621 217660643 217660649 217660691 
 217660697 217660763 217660801 217660811 217660829 217660847 217660907 217660991 
 217661009 217661011 217661021 217661033 217661051 217661053 217661069 217661077 
 217661083 217661099 217661111 217661123 217661173 217661177 217661209 217661231 
 217661233 217661239 217661263 217661273 217661291 217661293 217661299 217661303 
 217661317 217661329 217661357 217661383 217661401 217661413 217661419 217661429 
 217661453 217661519 217661527 217661533 217661537 217661551 217661567 217661569 
 217661641 217661651 217661671 217661677 217661699 217661707 217661711 217661723 
 217661771 217661779 217661783 217661803 217661839 217661867 217661869 217661893 
 217661909 217661921 217661947 217661957 217661963 217661987 217662007 217662013 
 217662037 217662047 217662077 217662097 217662127 217662161 217662167 217662229 
 217662239 217662251 217662281 217662299 217662307 217662323 217662331 217662349 
 217662359 217662413 217662433 217662451 217662469 217662479 217662493 217662553 
 217662559 217662581 217662589 217662607 217662619 217662631 217662647 217662659 
 217662667 217662691 217662707 217662721 217662737 217662751 217662763 217662779 
 217662791 217662799 217662821 217662829 217662839 217662853 217662871 217662943 
 217662989 217663001 217663003 217663013 217663021 217663049 217663057 217663079 
 217663109 217663123 217663129 217663139 217663153 217663207 217663211 217663231 
 217663253 217663279 217663289 217663321 217663349 217663361 217663363 217663379 
 217663403 217663417 217663423 217663429 217663451 217663477 217663499 217663543 
 217663561 217663577 217663609 217663619 217663657 217663673 217663681 217663687 
 217663703 217663727 217663769 217663811 217663847 217663861 217663889 217663907 
 217663913 217663939 217663949 217663961 217663969 217663993 217663997 217664009 
 217664017 217664033 217664047 217664059 217664087 217664089 217664099 217664119 
 217664123 217664129 217664137 217664143 217664149 217664159 217664257 217664261 
 217664297 217664333 217664339 217664347 217664371 217664383 217664417 217664431 
 217664443 217664453 217664467 217664471 217664477 217664519 217664521 217664533 
 217664543 217664569 217664659 217664683 217664701 217664717 217664723 217664731 
 217664767 217664773 217664789 217664791 217664803 217664809 217664813 217664819 
 217664833 217664851 217664861 217664929 217664933 217664963 217664971 217665013 
 217665029 217665047 217665073 217665089 217665139 217665163 217665181 217665199 
 217665221 217665247 217665251 217665257 217665281 217665347 217665361 217665373 
 217665389 217665391 217665397 217665401 217665449 217665493 217665557 217665559 
 217665563 217665587 217665589 217665599 217665641 217665667 217665673 217665683 
 217665689 217665703 217665719 217665727 217665731 217665797 217665803 217665817 
 217665821 217665823 217665827 217665839 217665853 217665869 217665887 217665913 
 217665947 217665971 217665989 217665991 217666003 217666013 217666019 217666039 
 217666051 217666061 217666067 217666081 217666087 217666121 217666151 217666193 
 217666237 217666243 217666289 217666291 217666313 217666331 217666369 217666391 
 217666433 217666459 217666511 217666513 217666571 217666577 217666583 217666591 
 217666607 217666609 217666613 217666619 217666627 217666643 217666661 217666667 
 217666681 217666741 217666747 217666769 217666781 217666843 217666957 217666993 
 217667039 217667053 217667057 217667071 217667077 217667081 217667083 217667117 
 217667171 217667179 217667183 217667207 217667209 217667257 217667273 217667297 
 217667311 217667323 217667339 217667353 217667407 217667501 217667503 217667509 
 217667519 217667521 217667539 217667543 217667551 217667573 217667599 217667603 
 217667617 217667621 217667627 217667641 217667651 217667663 217667689 217667701 
 217667731 217667761 217667773 217667777 217667797 217667809 217667843 217667851 
 217667899 217667927 217667941 217667959 217667977 217667987 217667999 217668001 
 217668007 217668041 217668049 217668071 217668079 217668083 217668089 217668103 
 217668127 217668131 217668133 217668137 217668163 217668167 217668173 217668181 
 217668239 217668259 217668263 217668271 217668277 217668307 217668337 217668349 
 217668371 217668383 217668419 217668431 217668439 217668469 217668487 217668497 
 217668551 217668571 217668593 217668599 217668611 217668653 217668677 217668691 
 217668707 217668719 217668823 217668839 217668853 217668859 217668907 217668917 
 217668943 217668947 217668953 217668961 217668989 217669013 217669019 217669027 
 217669051 217669117 217669121 217669141 217669147 217669159 217669163 217669181 
 217669189 217669201 217669219 217669271 217669307 217669327 217669337 217669373 
 217669421 217669423 217669427 217669433 217669471 217669477 217669519 217669531 
 217669537 217669541 217669561 217669577 217669589 217669597 217669601 217669603 
 217669607 217669651 217669657 217669663 217669709 217669747 217669759 217669763 
 217669787 217669807 217669813 217669849 217669873 217669877 217669897 217669901 
 217669919 217669937 217669951 217669987 217669997 217670009 217670017 217670029 
 217670039 217670087 217670093 217670129 217670147 217670197 217670249 217670263 
 217670267 217670273 217670279 217670281 217670303 217670393 217670407 217670443 
 217670447 217670449 217670473 217670483 217670501 217670513 217670521 217670543 
 217670573 217670581 217670603 217670627 217670633 217670641 217670693 217670699 
 217670729 217670759 217670767 217670819 217670837 217670851 217670861 217670881 
 217670891 217670899 217670911 217670917 217670953 217670977 217670983 217670989 
 217670993 217671017 217671029 217671067 217671079 217671101 217671121 217671133 
 217671137 217671169 217671191 217671199 217671229 217671253 217671257 217671271 
 217671283 217671299 217671317 217671323 217671331 217671343 217671347 217671373 
 217671397 217671413 217671427 217671437 217671497 217671499 217671529 217671569 
 217671613 217671631 217671683 217671691 217671721 217671749 217671761 217671823 
 217671833 217671907 217671913 217671929 217671943 217671947 217671989 217672027 
 217672033 217672051 217672067 217672109 217672121 217672123 217672139 217672153 
 217672177 217672187 217672201 217672211 217672223 217672243 217672291 217672327 
 217672331 217672333 217672361 217672363 217672381 217672387 217672409 217672423 
 217672447 217672451 217672457 217672459 217672487 217672513 217672523 217672549 
 217672619 217672627 217672639 217672661 217672687 217672699 217672717 217672733 
 217672757 217672769 217672781 217672789 217672799 217672817 217672823 217672831 
 217672849 217672853 217672859 217672867 217672909 217672921 217672957 217672967 
 217673011 217673023 217673039 217673051 217673077 217673087 217673107 217673111 
 217673147 217673167 217673179 217673191 217673201 217673221 217673233 217673237 
 217673347 217673359 217673381 217673383 217673459 217673461 217673471 217673501 
 217673513 217673531 217673539 217673543 217673569 217673579 217673609 217673639 
 217673669 217673693 217673707 217673713 217673737 217673759 217673761 217673767 
 217673773 217673789 217673839 217673857 217673867 217673881 217673893 217673921 
 217673947 217673987 217674007 217674019 217674049 217674077 217674097 217674109 
 217674131 217674161 217674173 217674211 217674217 217674251 217674253 217674283 
 217674311 217674337 217674349 217674361 217674383 217674407 217674421 217674439 
 217674451 217674463 217674533 217674577 217674581 217674619 217674637 217674641 
 217674649 217674661 217674671 217674679 217674689 217674727 217674761 217674767 
 217674791 217674797 217674799 217674823 217674859 217674871 217674881 217674883 
 217674889 217674917 217674923 217674931 217674937 217674991 217675009 217675019 
 217675037 217675049 217675061 217675091 217675111 217675127 217675147 217675163 
 217675169 217675207 217675217 217675223 217675261 217675303 217675307 217675309 
 217675313 217675321 217675349 217675351 217675373 217675387 217675391 217675411 
 217675481 217675499 217675517 217675541 217675547 217675559 217675567 217675597 
 217675613 217675631 217675643 217675651 217675669 217675673 217675681 217675691 
 217675709 217675727 217675729 217675747 217675751 217675781 217675789 217675813 
 217675819 217675873 217675879 217675897 217675901 217675903 217675919 217676003 
 217676029 217676057 217676077 217676089 217676101 217676153 217676167 217676197 
 217676213 217676237 217676269 217676287 217676297 217676299 217676309 217676341 
 217676359 217676377 217676383 217676387 217676441 217676447 217676453 217676497 
 217676509 217676519 217676527 217676539 217676561 217676579 217676593 217676629 
 217676647 217676677 217676681 217676689 217676717 217676773 217676803 217676819 
 217676839 217676843 217676867 217676873 217676887 217676909 217676933 217676951 
 217677013 217677017 217677023 217677041 217677059 217677113 217677121 217677127 
 217677149 217677157 217677181 217677193 217677217 217677247 217677259 217677283 
 217677293 217677331 217677349 217677371 217677379 217677391 217677457 217677461 
 217677479 217677511 217677521 217677529 217677541 217677557 217677583 217677587 
 217677599 217677601 217677617 217677631 217677641 217677643 217677671 217677679 
 217677689 217677701 217677703 217677721 217677743 217677749 217677763 217677767 
 217677781 217677827 217677833 217677839 217677869 217677871 217677881 217677913 
 217677937 217677949 217677953 217677959 217677961 217677983 217678007 217678033 
 217678039 217678051 217678099 217678133 217678157 217678171 217678267 217678273 
 217678283 217678301 217678313 217678327 217678337 217678369 217678393 217678411 
 217678441 217678451 217678477 217678501 217678519 217678543 217678547 217678577 
 217678583 217678597 217678607 217678609 217678631 217678663 217678679 217678709 
 217678753 217678757 217678759 217678787 217678817 217678819 217678823 217678837 
 217678841 217678847 217678849 217678873 217678921 217678933 217678973 217679009 
 217679023 217679027 217679041 217679057 217679069 217679081 217679089 217679123 
 217679149 217679167 217679173 217679233 217679243 217679263 217679279 217679311 
 217679347 217679353 217679387 217679393 217679461 217679477 217679549 217679563 
 217679569 217679587 217679591 217679641 217679647 217679663 217679669 217679689 
 217679723 217679729 217679767 217679773 217679801 217679807 217679857 217679863 
 217679879 217679881 217679893 217679909 217679927 217679929 217679953 217679963 
 217679971 217679993 217680007 217680013 217680037 217680059 217680101 217680163 
 217680167 217680181 217680187 217680251 217680277 217680299 217680311 217680317 
 217680341 217680367 217680371 217680373 217680377 217680401 217680433 217680523 
 217680539 217680557 217680569 217680581 217680607 217680611 217680653 217680689 
 217680713 217680779 217680797 217680803 217680821 217680857 217680871 217680887 
 217680889 217680919 217680941 217680943 217681003 217681019 217681049 217681063 
 217681069 217681091 217681099 217681129 217681133 217681151 217681153 217681183 
 217681187 217681193 217681199 217681207 217681241 217681253 217681301 217681391 
 217681403 217681417 217681463 217681501 217681517 217681531 217681543 217681553 
 217681567 217681579 217681589 217681603 217681631 217681663 217681687 217681691 
 217681697 217681757 217681771 217681777 217681799 217681831 217681853 217681897 
 217681901 217681909 217681927 217681939 217681943 217681949 217681979 217681987 
 217682011 217682021 217682027 217682041 217682089 217682111 217682123 217682147 
 217682197 217682249 217682251 217682291 217682293 217682303 217682369 217682393 
 217682417 217682441 217682459 217682461 217682477 217682513 217682533 217682579 
 217682599 217682609 217682623 217682629 217682659 217682737 217682749 217682767 
 217682771 217682779 217682783 217682797 217682809 217682821 217682827 217682849 
 217682869 217682893 217682917 217682921 217682923 217682929 217682989 217683061 
 217683073 217683083 217683119 217683121 217683127 217683161 217683203 217683211 
 217683311 217683337 217683359 217683383 217683421 217683439 217683449 217683463 
 217683467 217683527 217683533 217683553 217683601 217683607 217683659 217683671 
 217683679 217683701 217683727 217683733 217683749 217683751 217683761 217683769 
 217683841 217683853 217683887 217683899 217683901 217683923 217683959 217683967 
 217683971 217683979 217683989 217684001 217684021 217684067 217684073 217684079 
 217684081 217684087 217684097 217684123 217684151 217684153 217684163 217684169 
 217684177 217684193 217684219 217684249 217684253 217684261 217684267 217684297 
 217684319 217684339 217684399 217684427 217684429 217684433 217684451 217684459 
 217684471 217684487 217684499 217684529 217684549 217684559 217684591 217684603 
 217684631 217684633 217684639 217684657 217684693 217684721 217684723 217684751 
 217684757 217684763 217684769 217684787 217684823 217684829 217684849 217684861 
 217684891 217684913 217684921 217684967 217684993 217685003 217685029 217685089 
 217685101 217685137 217685141 217685173 217685201 217685227 217685249 217685267 
 217685269 217685287 217685297 217685309 217685329 217685371 217685399 217685423 
 217685437 217685471 217685491 217685519 217685521 217685539 217685549 217685551 
 217685579 217685599 217685647 217685693 217685701 217685707 217685719 217685729 
 217685771 217685773 217685779 217685789 217685801 217685821 217685849 217685857 
 217685863 217685873 217685879 217685887 217685891 217685903 217685921 217685959 
 217685981 217685989 217686019 217686031 217686041 217686083 217686089 217686103 
 217686107 217686113 217686121 217686127 217686137 217686163 217686181 217686197 
 217686199 217686221 217686229 217686233 217686239 217686263 217686311 217686331 
 217686353 217686361 217686373 217686409 217686451 217686457 217686461 217686473 
 217686481 217686487 217686493 217686523 217686533 217686571 217686587 217686593 
 217686607 217686611 217686617 217686643 217686647 217686659 217686661 217686691 
 217686701 217686737 217686757 217686767 217686787 217686793 217686809 217686817 
 217686827 217686893 217686901 217686907 217686919 217687003 217687013 217687037 
 217687051 217687069 217687097 217687103 217687117 217687121 217687139 217687153 
 217687181 217687201 217687213 217687229 217687231 217687247 217687277 217687289 
 217687331 217687343 217687357 217687373 217687399 217687411 217687417 217687441 
 217687447 217687453 217687501 217687511 217687517 217687529 217687559 217687577 
 217687619 217687621 217687627 217687651 217687661 217687667 217687697 217687721 
 217687741 217687753 217687763 217687817 217687823 217687843 217687861 217687889 
 217687913 217687927 217687961 217687963 217687979 217687999 217688011 217688017 
 217688041 217688113 217688137 217688143 217688173 217688189 217688197 217688203 
 217688209 217688227 217688243 217688249 217688257 217688267 217688269 217688291 
 217688323 217688327 217688351 217688381 217688447 217688459 217688473 217688477 
 217688531 217688533 217688551 217688573 217688579 217688591 217688593 217688617 
 217688657 217688659 217688663 217688677 217688699 217688707 217688711 217688717 
 217688741 217688771 217688773 217688777 217688827 217688837 217688839 217688879 
 217688897 217688899 217688903 217688921 217688923 217688929 217688941 217688957 
 217688959 217688981 217688983 217689001 217689011 217689013 217689047 217689077 
 217689107 217689127 217689133 217689169 217689191 217689193 217689211 217689217 
 217689221 217689229 217689257 217689259 217689281 217689287 217689299 217689313 
 217689359 217689379 217689401 217689413 217689427 217689443 217689509 217689523 
 217689551 217689553 217689559 217689569 217689581 217689583 217689587 217689599 
 217689613 217689617 217689649 217689713 217689721 217689739 217689749 217689751 
 217689761 217689799 217689809 217689847 217689877 217689883 217689893 217689929 
 217689931 217689937 217689943 217689949 217689959 217689961 217689971 217689991 
 217690001 217690007 217690021 217690063 217690069 217690111 217690127 217690139 
 217690141 217690217 217690223 217690243 217690261 217690301 217690337 217690349 
 217690367 217690379 217690387 217690411 217690427 217690433 217690439 217690483 
 217690489 217690493 217690507 217690591 217690609 217690631 217690637 217690673 
 217690687 217690703 217690717 217690723 217690727 217690783 217690787 217690789 
 217690799 217690801 217690807 217690813 217690817 217690829 217690841 217690859 
 217690861 217690867 217690873 217690903 217690909 217690927 217690939 217690951 
 217690969 217691003 217691009 217691027 217691051 217691059 217691077 217691093 
 217691119 217691141 217691143 217691147 217691153 217691161 217691167 217691213 
 217691237 217691267 217691317 217691339 217691351 217691363 217691399 217691407 
 217691431 217691437 217691459 217691479 217691483 217691519 217691557 217691563 
 217691567 217691581 217691587 217691599 217691611 217691623 217691629 217691659 
 217691687 217691693 217691699 217691707 217691713 217691729 217691741 217691779 
 217691809 217691833 217691867 217691897 217691917 217691977 217691989 217692011 
 217692017 217692023 217692031 217692047 217692061 217692071 217692077 217692091 
 217692113 217692119 217692121 217692149 217692161 217692169 217692173 217692193 
 217692197 217692257 217692271 217692283 217692311 217692383 217692389 217692437 
 217692451 217692467 217692491 217692499 217692521 217692523 217692529 217692619 
 217692641 217692661 217692689 217692697 217692731 217692733 217692737 217692743 
 217692751 217692781 217692809 217692829 217692931 217692967 217692971 217692977 
 217692989 217692991 217693009 217693019 217693027 217693037 217693039 217693057 
 217693061 217693087 217693097 217693103 217693159 217693181 217693187 217693193 
 217693213 217693261 217693283 217693327 217693337 217693349 217693363 217693369 
 217693403 217693409 217693429 217693457 217693493 217693523 217693537 217693543 
 217693547 217693549 217693561 217693571 217693577 217693579 217693589 217693591 
 217693669 217693673 217693699 217693703 217693711 217693741 217693769 217693813 
 217693837 217693859 217693871 217693909 217693913 217693939 217693951 217693979 
 217694003 217694017 217694033 217694047 217694063 217694101 217694107 217694111 
 217694123 217694131 217694137 217694173 217694201 217694203 217694209 217694237 
 217694291 217694293 217694327 217694341 217694371 217694417 217694441 217694443 
 217694447 217694467 217694489 217694501 217694527 217694539 217694549 217694551 
 217694593 217694597 217694611 217694651 217694671 217694689 217694699 217694759 
 217694779 217694783 217694857 217694861 217694887 217694899 217694921 217694933 
 217694941 217694963 217694987 217694999 217695001 217695011 217695019 217695077 
 217695091 217695119 217695133 217695167 217695173 217695187 217695193 217695229 
 217695239 217695263 217695337 217695349 217695367 217695371 217695389 217695403 
 217695409 217695449 217695461 217695473 217695479 217695487 217695503 217695509 
 217695581 217695589 217695613 217695619 217695623 217695661 217695707 217695719 
 217695739 217695767 217695811 217695817 217695833 217695847 217695853 217695859 
 217695871 217695889 217695893 217695911 217695923 217695941 217695949 217696013 
 217696027 217696093 217696109 217696111 217696139 217696177 217696187 217696189 
 217696211 217696223 217696313 217696343 217696361 217696411 217696469 217696481 
 217696499 217696517 217696519 217696537 217696553 217696559 217696571 217696597 
 217696603 217696627 217696631 217696639 217696651 217696667 217696673 217696709 
 217696723 217696741 217696753 217696763 217696819 217696841 217696867 217696931 
 217696943 217696967 217696981 217697009 217697033 217697063 217697101 217697111 
 217697119 217697143 217697209 217697251 217697267 217697309 217697317 217697327 
 217697339 217697387 217697419 217697423 217697429 217697437 217697449 217697489 
 217697533 217697537 217697549 217697567 217697591 217697617 217697621 217697633 
 217697647 217697651 217697657 217697663 217697681 217697713 217697719 217697759 
 217697771 217697803 217697819 217697861 217697873 217697881 217697911 217697917 
 217697923 217697929 217697947 217697957 217697981 217697989 217698001 217698037 
 217698049 217698077 217698079 217698109 217698119 217698133 217698137 217698149 
 217698211 217698263 217698281 217698307 217698319 217698347 217698359 217698391 
 217698419 217698421 217698451 217698463 217698469 217698487 217698497 217698521 
 217698541 217698571 217698577 217698619 217698659 217698661 217698667 217698671 
 217698721 217698739 217698757 217698769 217698779 217698781 217698829 217698857 
 217698863 217698913 217698953 217698959 217698973 217699003 217699007 217699033 
 217699043 217699063 217699091 217699109 217699121 217699187 217699189 217699199 
 217699241 217699243 217699247 217699271 217699319 217699333 217699343 217699351 
 217699367 217699369 217699373 217699387 217699403 217699421 217699457 217699481 
 217699483 217699507 217699519 217699529 217699553 217699597 217699609 217699613 
 217699619 217699649 217699679 217699681 217699711 217699721 217699751 217699759 